    0         0
    1         1
    2         2
    3        10
    5        12
    6        20
    7        21
    8        22
   11       102
   14       112
   16       121
   17       122
   20       202
   23       212
   32      1012
   33      1020
   34      1021
   35      1022
   38      1102
   42      1120
   44      1122
   45      1200
   46      1201
   47      1202
   48      1210
   50      1212
   51      1220
   52      1221
   57      2010
   58      2011
   59      2012
   60      2020
   61      2021
   62      2022
   63      2100
   64      2101
   65      2102
   66      2110
   68      2112
   69      2120
   70      2121
   71      2122
   72      2200
   73      2201
   74      2202
   75      2210
   76      2211
   77      2212
   78      2220
   79      2221
   81     10000
   83     10002
   86     10012
   87     10020
   88     10021
   89     10022
   92     10102
   98     10122
  101     10202
  104     10212
  114     11020
  116     11022
  125     11122
  126     11200
  128     11202
  131     11212
  132     11220
  133     11221
  138     12010
  140     12012
  141     12020
  142     12021
  143     12022
  144     12100
  146     12102
  149     12112
  150     12120
  151     12121
  152     12122
  153     12200
  154     12201
  155     12202
  156     12210
  157     12211
  158     12212
  159     12220
  160     12221
  162     20000
  163     20001
  164     20002
  165     20010
  166     20011
  167     20012
  168     20020
  169     20021
  170     20022
  172     20101
  173     20102
  176     20112
  178     20121
  179     20122
  182     20202
  185     20212
  192     21010
  194     21012
  195     21020
  196     21021
  197     21022
  198     21100
  200     21102
  203     21112
  204     21120
  205     21121
  206     21122
  207     21200
  208     21201
  209     21202
  210     21210
  211     21211
  212     21212
  213     21220
  214     21221
  219     22010
  220     22011
  221     22012
  222     22020
  223     22021
  224     22022
  225     22100
  226     22101
  227     22102
  228     22110
  230     22112
  231     22120
  232     22121
  233     22122
  234     22200
  235     22201
  236     22202
  237     22210
  238     22211
  239     22212
  240     22220
  241     22221
  272    101002
  276    101020
  278    101022
  287    101122
  290    101202
  293    101212
  297    102000
  298    102001
  299    102002
  300    102010
  302    102012
  303    102020
  304    102021
  305    102022
  306    102100
  308    102102
  311    102112
  312    102120
  313    102121
  314    102122
  315    102200
  316    102201
  317    102202
  318    102210
  319    102211
  320    102212
  321    102220
  322    102221
  378    112000
  380    112002
  383    112012
  384    112020
  385    112021
  386    112022
  389    112102
  393    112120
  395    112122
  396    112200
  397    112201
  398    112202
  399    112210
  401    112212
  402    112220
  403    112221
  432    121000
  434    121002
  437    121012
  438    121020
  439    121021
  440    121022
  443    121102
  449    121122
  452    121202
  455    121212
  459    122000
  460    122001
  461    122002
  462    122010
  463    122011
  464    122012
  465    122020
  466    122021
  467    122022
  468    122100
  469    122101
  470    122102
  471    122110
  473    122112
  474    122120
  475    122121
  476    122122
  477    122200
  478    122201
  479    122202
  480    122210
  481    122211
  482    122212
  483    122220
  484    122221
  540    202000
  541    202001
  542    202002
  543    202010
  544    202011
  545    202012
  546    202020
  547    202021
  548    202022
  550    202101
  551    202102
  554    202112
  556    202121
  557    202122
  560    202202
  563    202212
  621    212000
  622    212001
  623    212002
  624    212010
  625    212011
  626    212012
  627    212020
  628    212021
  629    212022
  631    212101
  632    212102
  635    212112
  637    212121
  638    212122
  641    212202
  644    212212
  740   1000102
  744   1000120
  746   1000122
  747   1000200
  748   1000201
  749   1000202
  750   1000210
  752   1000212
  753   1000220
  754   1000221
  773   1001122
  774   1001200
  776   1001202
  779   1001212
  780   1001220
  792   1002100
  794   1002102
  797   1002112
  798   1002120
  799   1002121
  800   1002122
  801   1002200
  802   1002201
  803   1002202
  804   1002210
  805   1002211
  806   1002212
  807   1002220
  808   1002221
  828   1010200
  830   1010202
  833   1010212
  834   1010220
  835   1010221
  857   1011202
  861   1011220
  882   1012200
  883   1012201
  884   1012202
  885   1012210
  887   1012212
  888   1012220
  889   1012221
  900   1020100
  902   1020102
  905   1020112
  906   1020120
  907   1020121
  908   1020122
  909   1020200
  910   1020201
  911   1020202
  912   1020210
  913   1020211
  914   1020212
  915   1020220
  916   1020221
  929   1021102
  933   1021120
  935   1021122
  936   1021200
  938   1021202
  939   1021210
  941   1021212
  942   1021220
  954   1022100
  955   1022101
  956   1022102
  957   1022110
  959   1022112
  960   1022120
  961   1022121
  962   1022122
  963   1022200
  964   1022201
  965   1022202
  966   1022210
  967   1022211
  968   1022212
  969   1022220
  970   1022221
  974   1100002
  978   1100020
  980   1100022
  989   1100122
  990   1100200
  992   1100202
  995   1100212
  996   1100220
  997   1100221
 1007   1101022
 1019   1101202
 1023   1101220
 1028   1102002
 1031   1102012
 1032   1102020
 1033   1102021
 1034   1102022
 1037   1102102
 1041   1102120
 1043   1102122
 1044   1102200
 1045   1102201
 1046   1102202
 1047   1102210
 1049   1102212
 1050   1102220
 1051   1102221
 1061   1110022
 1073   1110202
 1077   1110220
 1109   1112002
 1113   1112020
 1115   1112022
 1125   1112200
 1127   1112202
 1130   1112212
 1131   1112220
 1132   1112221
 1136   1120002
 1139   1120012
 1140   1120020
 1141   1120021
 1142   1120022
 1145   1120102
 1149   1120120
 1151   1120122
 1152   1120200
 1153   1120201
 1154   1120202
 1155   1120210
 1157   1120212
 1158   1120220
 1159   1120221
 1163   1121002
 1167   1121020
 1169   1121022
 1178   1121122
 1179   1121200
 1181   1121202
 1184   1121212
 1185   1121220
 1189   1122001
 1190   1122002
 1191   1122010
 1193   1122012
 1194   1122020
 1195   1122021
 1196   1122022
 1197   1122100
 1199   1122102
 1202   1122112
 1203   1122120
 1204   1122121
 1205   1122122
 1206   1122200
 1207   1122201
 1208   1122202
 1209   1122210
 1210   1122211
 1211   1122212
 1212   1122220
 1213   1122221
 1216   1200001
 1217   1200002
 1218   1200010
 1220   1200012
 1221   1200020
 1222   1200021
 1223   1200022
 1226   1200102
 1229   1200112
 1230   1200120
 1231   1200121
 1232   1200122
 1233   1200200
 1234   1200201
 1235   1200202
 1236   1200210
 1237   1200211
 1238   1200212
 1239   1200220
 1240   1200221
 1244   1201002
 1247   1201012
 1248   1201020
 1250   1201022
 1253   1201102
 1257   1201120
 1259   1201122
 1260   1201200
 1262   1201202
 1263   1201210
 1265   1201212
 1266   1201220
 1270   1202001
 1271   1202002
 1272   1202010
 1273   1202011
 1274   1202012
 1275   1202020
 1276   1202021
 1277   1202022
 1278   1202100
 1279   1202101
 1280   1202102
 1281   1202110
 1283   1202112
 1284   1202120
 1285   1202121
 1286   1202122
 1287   1202200
 1288   1202201
 1289   1202202
 1290   1202210
 1291   1202211
 1292   1202212
 1293   1202220
 1294   1202221
 1298   1210002
 1301   1210012
 1302   1210020
 1303   1210021
 1304   1210022
 1314   1210200
 1315   1210201
 1316   1210202
 1317   1210210
 1319   1210212
 1320   1210220
 1321   1210221
 1325   1211002
 1329   1211020
 1331   1211022
 1341   1211200
 1343   1211202
 1346   1211212
 1347   1211220
 1351   1212001
 1352   1212002
 1353   1212010
 1355   1212012
 1356   1212020
 1357   1212021
 1358   1212022
 1368   1212200
 1369   1212201
 1370   1212202
 1371   1212210
 1372   1212211
 1373   1212212
 1374   1212220
 1375   1212221
 1378   1220001
 1379   1220002
 1380   1220010
 1381   1220011
 1382   1220012
 1383   1220020
 1384   1220021
 1385   1220022
 1387   1220101
 1388   1220102
 1389   1220110
 1391   1220112
 1392   1220120
 1393   1220121
 1394   1220122
 1395   1220200
 1396   1220201
 1397   1220202
 1398   1220210
 1399   1220211
 1400   1220212
 1401   1220220
 1402   1220221
 1406   1221002
 1407   1221010
 1409   1221012
 1410   1221020
 1412   1221022
 1415   1221102
 1418   1221112
 1419   1221120
 1421   1221122
 1422   1221200
 1424   1221202
 1425   1221210
 1427   1221212
 1428   1221220
 1468   2000101
 1469   2000102
 1470   2000110
 1472   2000112
 1473   2000120
 1474   2000121
 1475   2000122
 1476   2000200
 1477   2000201
 1478   2000202
 1479   2000210
 1480   2000211
 1481   2000212
 1482   2000220
 1483   2000221
 1496   2001102
 1499   2001112
 1500   2001120
 1501   2001121
 1502   2001122
 1503   2001200
 1504   2001201
 1505   2001202
 1506   2001210
 1507   2001211
 1508   2001212
 1509   2001220
 1510   2001221
 1522   2002101
 1524   2002110
 1527   2002120
 1528   2002121
 1530   2002200
 1531   2002201
 1533   2002210
 1534   2002211
 1536   2002220
 1537   2002221
 1550   2010102
 1553   2010112
 1554   2010120
 1555   2010121
 1556   2010122
 1557   2010200
 1558   2010201
 1559   2010202
 1560   2010210
 1561   2010211
 1562   2010212
 1563   2010220
 1564   2010221
 1577   2011102
 1581   2011120
 1583   2011122
 1584   2011200
 1585   2011201
 1586   2011202
 1587   2011210
 1589   2011212
 1590   2011220
 1591   2011221
 1603   2012101
 1605   2012110
 1608   2012120
 1609   2012121
 1611   2012200
 1612   2012201
 1614   2012210
 1615   2012211
 1617   2012220
 1618   2012221
 1630   2020101
 1631   2020102
 1632   2020110
 1634   2020112
 1635   2020120
 1636   2020121
 1637   2020122
 1657   2021101
 1658   2021102
 1659   2021110
 1661   2021112
 1662   2021120
 1663   2021121
 1664   2021122
 1684   2022101
 1686   2022110
 1689   2022120
 1690   2022121
 1703   2100002
 1704   2100010
 1706   2100012
 1707   2100020
 1708   2100021
 1709   2100022
 1712   2100102
 1715   2100112
 1716   2100120
 1717   2100121
 1718   2100122
 1720   2100201
 1721   2100202
 1722   2100210
 1723   2100211
 1724   2100212
 1725   2100220
 1726   2100221
 1730   2101002
 1733   2101012
 1734   2101020
 1735   2101021
 1736   2101022
 1739   2101102
 1743   2101120
 1745   2101122
 1746   2101200
 1747   2101201
 1748   2101202
 1749   2101210
 1751   2101212
 1752   2101220
 1753   2101221
 1758   2102010
 1759   2102011
 1761   2102020
 1762   2102021
 1765   2102101
 1767   2102110
 1770   2102120
 1771   2102121
 1773   2102200
 1774   2102201
 1776   2102210
 1777   2102211
 1779   2102220
 1780   2102221
 1784   2110002
 1787   2110012
 1788   2110020
 1789   2110021
 1790   2110022
 1793   2110102
 1797   2110120
 1799   2110122
 1801   2110201
 1802   2110202
 1803   2110210
 1805   2110212
 1806   2110220
 1807   2110221
 1839   2112010
 1842   2112020
 1843   2112021
 1851   2112120
 1852   2112121
 1854   2112200
 1855   2112201
 1857   2112210
 1858   2112211
 1860   2112220
 1861   2112221
 1865   2120002
 1866   2120010
 1867   2120011
 1868   2120012
 1869   2120020
 1870   2120021
 1871   2120022
 1873   2120101
 1874   2120102
 1875   2120110
 1877   2120112
 1878   2120120
 1879   2120121
 1880   2120122
 1892   2121002
 1893   2121010
 1895   2121012
 1896   2121020
 1897   2121021
 1898   2121022
 1901   2121102
 1904   2121112
 1905   2121120
 1906   2121121
 1907   2121122
 1920   2122010
 1921   2122011
 1923   2122020
 1924   2122021
 1927   2122101
 1929   2122110
 1932   2122120
 1933   2122121
 1946   2200002
 1947   2200010
 1948   2200011
 1949   2200012
 1950   2200020
 1951   2200021
 1952   2200022
 1954   2200101
 1955   2200102
 1956   2200110
 1958   2200112
 1959   2200120
 1960   2200121
 1961   2200122
 1963   2200201
 1964   2200202
 1965   2200210
 1966   2200211
 1967   2200212
 1968   2200220
 1969   2200221
 1973   2201002
 1974   2201010
 1975   2201011
 1976   2201012
 1977   2201020
 1978   2201021
 1979   2201022
 1981   2201101
 1982   2201102
 1983   2201110
 1985   2201112
 1986   2201120
 1987   2201121
 1988   2201122
 1990   2201201
 1991   2201202
 1992   2201210
 1993   2201211
 1994   2201212
 1995   2201220
 1996   2201221
 2001   2202010
 2002   2202011
 2004   2202020
 2005   2202021
 2008   2202101
 2010   2202110
 2013   2202120
 2014   2202121
 2016   2202200
 2017   2202201
 2019   2202210
 2020   2202211
 2022   2202220
 2023   2202221
 2027   2210002
 2028   2210010
 2029   2210011
 2030   2210012
 2031   2210020
 2032   2210021
 2033   2210022
 2035   2210101
 2036   2210102
 2037   2210110
 2039   2210112
 2040   2210120
 2041   2210121
 2042   2210122
 2044   2210201
 2045   2210202
 2046   2210210
 2047   2210211
 2048   2210212
 2049   2210220
 2050   2210221
 2054   2211002
 2055   2211010
 2057   2211012
 2058   2211020
 2059   2211021
 2060   2211022
 2063   2211102
 2066   2211112
 2067   2211120
 2068   2211121
 2069   2211122
 2071   2211201
 2072   2211202
 2073   2211210
 2074   2211211
 2075   2211212
 2076   2211220
 2077   2211221
 2082   2212010
 2083   2212011
 2085   2212020
 2086   2212021
 2089   2212101
 2091   2212110
 2094   2212120
 2095   2212121
 2097   2212200
 2098   2212201
 2100   2212210
 2101   2212211
 2103   2212220
 2104   2212221
 2108   2220002
 2109   2220010
 2110   2220011
 2111   2220012
 2112   2220020
 2113   2220021
 2114   2220022
 2116   2220101
 2117   2220102
 2118   2220110
 2120   2220112
 2121   2220120
 2122   2220121
 2123   2220122
 2135   2221002
 2136   2221010
 2137   2221011
 2138   2221012
 2139   2221020
 2140   2221021
 2141   2221022
 2143   2221101
 2144   2221102
 2145   2221110
 2147   2221112
 2148   2221120
 2149   2221121
 2150   2221122
 2231  10001122
 2234  10001202
 2237  10001212
 2238  10001220
 2239  10001221
 2252  10002102
 2255  10002112
 2256  10002120
 2257  10002121
 2258  10002122
 2260  10002201
 2261  10002202
 2262  10002210
 2263  10002211
 2264  10002212
 2265  10002220
 2266  10002221
 2315  10011202
 2319  10011220
 2333  10012102
 2337  10012120
 2339  10012122
 2341  10012201
 2342  10012202
 2346  10012220
 2347  10012221
 2387  10021102
 2391  10021120
 2393  10021122
 2395  10021201
 2396  10021202
 2397  10021210
 2399  10021212
 2400  10021220
 2401  10021221
 2413  10022101
 2414  10022102
 2415  10022110
 2417  10022112
 2418  10022120
 2419  10022121
 2420  10022122
 2422  10022201
 2423  10022202
 2424  10022210
 2425  10022211
 2426  10022212
 2427  10022220
 2428  10022221
 2465  10101022
 2477  10101202
 2490  10102020
 2491  10102021
 2492  10102022
 2495  10102102
 2499  10102120
 2501  10102122
 2503  10102201
 2504  10102202
 2505  10102210
 2507  10102212
 2508  10102220
 2509  10102221
 2571  10112020
 2573  10112022
 2582  10112122
 2585  10112202
 2589  10112220
 2590  10112221
 2625  10121020
 2627  10121022
 2636  10121122
 2639  10121202
 2642  10121212
 2652  10122020
 2653  10122021
 2654  10122022
 2657  10122102
 2660  10122112
 2661  10122120
 2662  10122121
 2663  10122122
 2665  10122201
 2666  10122202
 2667  10122210
 2668  10122211
 2669  10122212
 2670  10122220
 2671  10122221
 2730  10202010
 2731  10202011
 2732  10202012
 2733  10202020
 2734  10202021
 2735  10202022
 2737  10202101
 2738  10202102
 2741  10202112
 2743  10202121
 2744  10202122
 2747  10202202
 2750  10202212
 2814  10212020
 2815  10212021
 2816  10212022
 2819  10212102
 2824  10212121
 2825  10212122
 2828  10212202
 2933  11000122
 2936  11000202
 2939  11000212
 2940  11000220
 2941  11000221
 2963  11001202
 2967  11001220
 2981  11002102
 2985  11002120
 2987  11002122
 2989  11002201
 2990  11002202
 2991  11002210
 2993  11002212
 2994  11002220
 2995  11002221
 3017  11010202
 3021  11010220
 3071  11012202
 3075  11012220
 3076  11012221
 3089  11020102
 3093  11020120
 3095  11020122
 3097  11020201
 3098  11020202
 3099  11020210
 3101  11020212
 3102  11020220
 3103  11020221
 3122  11021122
 3125  11021202
 3128  11021212
 3129  11021220
 3143  11022102
 3146  11022112
 3147  11022120
 3148  11022121
 3149  11022122
 3151  11022201
 3152  11022202
 3153  11022210
 3154  11022211
 3155  11022212
 3156  11022220
 3157  11022221
 3179  11100202
 3183  11100220
 3230  11102122
 3233  11102202
 3236  11102212
 3237  11102220
 3238  11102221
 3314  11112202
 3318  11112220
 3338  11120122
 3341  11120202
 3344  11120212
 3345  11120220
 3346  11120221
 3368  11121202
 3372  11121220
 3386  11122102
 3390  11122120
 3392  11122122
 3394  11122201
 3395  11122202
 3396  11122210
 3398  11122212
 3399  11122220
 3400  11122221
 3407  11200012
 3408  11200020
 3409  11200021
 3410  11200022
 3413  11200102
 3417  11200120
 3419  11200122
 3421  11200201
 3422  11200202
 3423  11200210
 3425  11200212
 3426  11200220
 3427  11200221
 3435  11201020
 3437  11201022
 3446  11201122
 3449  11201202
 3452  11201212
 3453  11201220
 3461  11202012
 3462  11202020
 3463  11202021
 3464  11202022
 3467  11202102
 3470  11202112
 3471  11202120
 3472  11202121
 3473  11202122
 3475  11202201
 3476  11202202
 3477  11202210
 3478  11202211
 3479  11202212
 3480  11202220
 3481  11202221
 3489  11210020
 3491  11210022
 3503  11210202
 3507  11210220
 3508  11210221
 3518  11211022
 3530  11211202
 3534  11211220
 3543  11212020
 3544  11212021
 3545  11212022
 3556  11212201
 3557  11212202
 3561  11212220
 3562  11212221
 3569  11220012
 3570  11220020
 3571  11220021
 3572  11220022
 3575  11220102
 3578  11220112
 3579  11220120
 3580  11220121
 3581  11220122
 3583  11220201
 3584  11220202
 3585  11220210
 3586  11220211
 3587  11220212
 3588  11220220
 3589  11220221
 3596  11221012
 3597  11221020
 3599  11221022
 3602  11221102
 3606  11221120
 3608  11221122
 3611  11221202
 3612  11221210
 3614  11221212
 3615  11221220
 3656  12000102
 3659  12000112
 3660  12000120
 3661  12000121
 3662  12000122
 3664  12000201
 3665  12000202
 3666  12000210
 3667  12000211
 3668  12000212
 3669  12000220
 3670  12000221
 3683  12001102
 3687  12001120
 3689  12001122
 3691  12001201
 3692  12001202
 3693  12001210
 3695  12001212
 3696  12001220
 3697  12001221
 3709  12002101
 3714  12002120
 3715  12002121
 3718  12002201
 3720  12002210
 3721  12002211
 3723  12002220
 3724  12002221
 3737  12010102
 3741  12010120
 3743  12010122
 3745  12010201
 3746  12010202
 3750  12010220
 3751  12010221
 3770  12011122
 3773  12011202
 3777  12011220
 3778  12011221
 3795  12012120
 3796  12012121
 3799  12012201
 3804  12012220
 3805  12012221
 3817  12020101
 3818  12020102
 3821  12020112
 3822  12020120
 3823  12020121
 3824  12020122
 3845  12021102
 3848  12021112
 3849  12021120
 3850  12021121
 3851  12021122
 3871  12022101
 3876  12022120
 3877  12022121
 3899  12100102
 3903  12100120
 3905  12100122
 3907  12100201
 3908  12100202
 3911  12100212
 3912  12100220
 3913  12100221
 3932  12101122
 3935  12101202
 3938  12101212
 3939  12101220
 3940  12101221
 3957  12102120
 3958  12102121
 3961  12102201
 3963  12102210
 3964  12102211
 3966  12102220
 3967  12102221
 3986  12110122
 3989  12110202
 3993  12110220
 3994  12110221
 4038  12112120
 4042  12112201
 4047  12112220
 4048  12112221
 4061  12120102
 4064  12120112
 4065  12120120
 4066  12120121
 4067  12120122
 4088  12121102
 4092  12121120
 4094  12121122
 4114  12122101
 4119  12122120
 4120  12122121
 4136  12200012
 4137  12200020
 4138  12200021
 4139  12200022
 4141  12200101
 4142  12200102
 4145  12200112
 4146  12200120
 4147  12200121
 4148  12200122
 4150  12200201
 4151  12200202
 4153  12200211
 4154  12200212
 4155  12200220
 4156  12200221
 4163  12201012
 4164  12201020
 4165  12201021
 4166  12201022
 4169  12201102
 4172  12201112
 4173  12201120
 4174  12201121
 4175  12201122
 4177  12201201
 4178  12201202
 4180  12201211
 4181  12201212
 4182  12201220
 4183  12201221
 4191  12202020
 4192  12202021
 4195  12202101
 4200  12202120
 4201  12202121
 4204  12202201
 4206  12202210
 4207  12202211
 4209  12202220
 4210  12202221
 4218  12210020
 4219  12210021
 4220  12210022
 4223  12210102
 4227  12210120
 4228  12210121
 4229  12210122
 4231  12210201
 4232  12210202
 4236  12210220
 4237  12210221
 4245  12211020
 4246  12211021
 4247  12211022
 4250  12211102
 4254  12211120
 4256  12211122
 4258  12211201
 4259  12211202
 4263  12211220
 4264  12211221
 4272  12212020
 4273  12212021
 4276  12212101
 4281  12212120
 4282  12212121
 4285  12212201
 4290  12212220
 4291  12212221
 4298  12220012
 4299  12220020
 4300  12220021
 4301  12220022
 4303  12220101
 4304  12220102
 4307  12220112
 4308  12220120
 4309  12220121
 4310  12220122
 4325  12221012
 4326  12221020
 4327  12221021
 4328  12221022
 4330  12221101
 4331  12221102
 4334  12221112
 4335  12221120
 4336  12221121
 4337  12221122
 4438  20002101
 4439  20002102
 4442  20002112
 4443  20002120
 4444  20002121
 4445  20002122
 4447  20002201
 4448  20002202
 4450  20002211
 4451  20002212
 4452  20002220
 4453  20002221
 4519  20012101
 4520  20012102
 4523  20012112
 4524  20012120
 4525  20012121
 4526  20012122
 4528  20012201
 4529  20012202
 4531  20012211
 4532  20012212
 4533  20012220
 4534  20012221
 4600  20022101
 4601  20022102
 4604  20022112
 4609  20022201
 4610  20022202
 4612  20022211
 4613  20022212
 4681  20102101
 4682  20102102
 4685  20102112
 4686  20102120
 4687  20102121
 4688  20102122
 4690  20102201
 4691  20102202
 4693  20102211
 4694  20102212
 4695  20102220
 4696  20102221
 4763  20112102
 4766  20112112
 4767  20112120
 4768  20112121
 4769  20112122
 4771  20112201
 4772  20112202
 4774  20112211
 4775  20112212
 4776  20112220
 4777  20112221
 4843  20122101
 4844  20122102
 4847  20122112
 4852  20122201
 4853  20122202
 4855  20122211
 4856  20122212
 4920  20202020
 4921  20202021
 4922  20202022
 4924  20202101
 4925  20202102
 4928  20202112
 4930  20202121
 4931  20202122
 4934  20202202
 4937  20202212
 5001  20212020
 5002  20212021
 5003  20212022
 5005  20212101
 5006  20212102
 5009  20212112
 5011  20212121
 5012  20212122
 5015  20212202
 5018  20212212
 5114  21000102
 5117  21000112
 5118  21000120
 5119  21000121
 5120  21000122
 5122  21000201
 5123  21000202
 5125  21000211
 5126  21000212
 5127  21000220
 5128  21000221
 5141  21001102
 5145  21001120
 5147  21001122
 5150  21001202
 5153  21001212
 5154  21001220
 5167  21002101
 5168  21002102
 5171  21002112
 5172  21002120
 5173  21002121
 5174  21002122
 5176  21002201
 5177  21002202
 5179  21002211
 5180  21002212
 5181  21002220
 5182  21002221
 5203  21010201
 5204  21010202
 5207  21010212
 5208  21010220
 5209  21010221
 5231  21011202
 5234  21011212
 5235  21011220
 5257  21012201
 5258  21012202
 5260  21012211
 5261  21012212
 5262  21012220
 5263  21012221
 5275  21020101
 5276  21020102
 5279  21020112
 5284  21020201
 5285  21020202
 5287  21020211
 5288  21020212
 5303  21021102
 5306  21021112
 5312  21021202
 5315  21021212
 5329  21022101
 5330  21022102
 5333  21022112
 5338  21022201
 5339  21022202
 5341  21022211
 5342  21022212
 5357  21100102
 5363  21100122
 5365  21100201
 5366  21100202
 5369  21100212
 5370  21100220
 5371  21100221
 5390  21101122
 5393  21101202
 5396  21101212
 5397  21101220
 5411  21102102
 5414  21102112
 5415  21102120
 5416  21102121
 5417  21102122
 5419  21102201
 5420  21102202
 5422  21102211
 5423  21102212
 5424  21102220
 5425  21102221
 5447  21110202
 5450  21110212
 5451  21110220
 5452  21110221
 5500  21112201
 5501  21112202
 5504  21112212
 5505  21112220
 5506  21112221
 5519  21120102
 5522  21120112
 5527  21120201
 5528  21120202
 5530  21120211
 5531  21120212
 5546  21121102
 5555  21121202
 5558  21121212
 5572  21122101
 5573  21122102
 5576  21122112
 5581  21122201
 5582  21122202
 5584  21122211
 5585  21122212
 5599  21200101
 5600  21200102
 5603  21200112
 5605  21200121
 5606  21200122
 5608  21200201
 5609  21200202
 5611  21200211
 5612  21200212
 5613  21200220
 5614  21200221
 5627  21201102
 5630  21201112
 5633  21201122
 5636  21201202
 5639  21201212
 5640  21201220
 5653  21202101
 5654  21202102
 5657  21202112
 5658  21202120
 5659  21202121
 5660  21202122
 5662  21202201
 5663  21202202
 5665  21202211
 5666  21202212
 5667  21202220
 5668  21202221
 5689  21210201
 5690  21210202
 5692  21210211
 5693  21210212
 5694  21210220
 5695  21210221
 5717  21211202
 5720  21211212
 5721  21211220
 5743  21212201
 5744  21212202
 5746  21212211
 5747  21212212
 5748  21212220
 5749  21212221
 5761  21220101
 5762  21220102
 5765  21220112
 5770  21220201
 5771  21220202
 5773  21220211
 5774  21220212
 5789  21221102
 5792  21221112
 5798  21221202
 5801  21221212
 5842  22000101
 5843  22000102
 5846  22000112
 5848  22000121
 5849  22000122
 5851  22000201
 5852  22000202
 5854  22000211
 5855  22000212
 5856  22000220
 5857  22000221
 5869  22001101
 5870  22001102
 5873  22001112
 5875  22001121
 5876  22001122
 5878  22001201
 5879  22001202
 5881  22001211
 5882  22001212
 5883  22001220
 5884  22001221
 5896  22002101
 5902  22002121
 5905  22002201
 5908  22002211
 5910  22002220
 5911  22002221
 5923  22010101
 5924  22010102
 5927  22010112
 5929  22010121
 5930  22010122
 5932  22010201
 5933  22010202
 5935  22010211
 5936  22010212
 5937  22010220
 5938  22010221
 5951  22011102
 5954  22011112
 5956  22011121
 5957  22011122
 5959  22011201
 5960  22011202
 5962  22011211
 5963  22011212
 5964  22011220
 5965  22011221
 5977  22012101
 5983  22012121
 5986  22012201
 5989  22012211
 5991  22012220
 5992  22012221
 6004  22020101
 6005  22020102
 6008  22020112
 6031  22021101
 6032  22021102
 6035  22021112
 6058  22022101
 6085  22100101
 6086  22100102
 6089  22100112
 6091  22100121
 6092  22100122
 6094  22100201
 6095  22100202
 6097  22100211
 6098  22100212
 6100  22100221
 6113  22101102
 6116  22101112
 6118  22101121
 6119  22101122
 6121  22101201
 6122  22101202
 6124  22101211
 6125  22101212
 6126  22101220
 6127  22101221
 6139  22102101
 6145  22102121
 6148  22102201
 6151  22102211
 6153  22102220
 6154  22102221
 6167  22110102
 6170  22110112
 6172  22110121
 6173  22110122
 6175  22110201
 6176  22110202
 6178  22110211
 6179  22110212
 6181  22110221
 6220  22112101
 6226  22112121
 6229  22112201
 6232  22112211
 6234  22112220
 6235  22112221
 6247  22120101
 6248  22120102
 6251  22120112
 6274  22121101
 6275  22121102
 6278  22121112
 6301  22122101
 6328  22200101
 6329  22200102
 6332  22200112
 6334  22200121
 6335  22200122
 6337  22200201
 6338  22200202
 6340  22200211
 6341  22200212
 6343  22200221
 6355  22201101
 6356  22201102
 6359  22201112
 6361  22201121
 6362  22201122
 6364  22201201
 6365  22201202
 6367  22201211
 6368  22201212
 6370  22201221
 6382  22202101
 6388  22202121
 6391  22202201
 6394  22202211
 6396  22202220
 6397  22202221
 6409  22210101
 6410  22210102
 6413  22210112
 6415  22210121
 6416  22210122
 6418  22210201
 6419  22210202
 6421  22210211
 6422  22210212
 6424  22210221
 6436  22211101
 6437  22211102
 6440  22211112
 6442  22211121
 6443  22211122
 6445  22211201
 6446  22211202
 6448  22211211
 6449  22211212
 6451  22211221
 6463  22212101
 6469  22212121
 6472  22212201
 6475  22212211
 6477  22212220
 6478  22212221
 6490  22220101
 6491  22220102
 6494  22220112
 6517  22221101
 6518  22221102
 6521  22221112
 7307 101000122
 7310 101000202
 7313 101000212
 7337 101001202
 7361 101002122
 7363 101002201
 7364 101002202
 7367 101002212
 7369 101002221
 7391 101010202
 7445 101012202
 7448 101012212
 7463 101020102
 7469 101020122
 7472 101020202
 7475 101020212
 7496 101021122
 7499 101021202
 7502 101021212
 7520 101022112
 7522 101022121
 7523 101022122
 7525 101022201
 7526 101022202
 7528 101022211
 7529 101022212
 7531 101022221
 7607 101102202
 7610 101102212
 7612 101102221
 7688 101112202
 7742 101121202
 7768 101122201
 7769 101122202
 7772 101122212
 7774 101122221
 7841 101202102
 7844 101202112
 7846 101202121
 7847 101202122
 7850 101202202
 7853 101202212
 7931 101212202
 7934 101212212
 8038 102000201
 8039 102000202
 8041 102000211
 8042 102000212
 8044 102000221
 8065 102001201
 8066 102001202
 8069 102001212
 8071 102001221
 8092 102002201
 8095 102002211
 8098 102002221
 8120 102010202
 8123 102010212
 8147 102011202
 8150 102011212
 8282 102100202
 8285 102100212
 8287 102100221
 8309 102101202
 8312 102101212
 8314 102101221
 8335 102102201
 8338 102102211
 8341 102102221
 8363 102110202
 8366 102110212
 8516 102200102
 8519 102200112
 8521 102200121
 8522 102200122
 8525 102200202
 8527 102200211
 8528 102200212
 8530 102200221
 8543 102201102
 8546 102201112
 8548 102201121
 8549 102201122
 8552 102201202
 8554 102201211
 8555 102201212
 8557 102201221
 8575 102202121
 8578 102202201
 8581 102202211
 8584 102202221
 8597 102210102
 8600 102210112
 8603 102210122
 8606 102210202
 8609 102210212
 8624 102211102
 8630 102211122
 8633 102211202
 8636 102211212
 8678 102220102
 8681 102220112
 8683 102220121
 8684 102220122
 8705 102221102
 8708 102221112
 8710 102221121
 8711 102221122
10226 112000202
10229 112000212
10231 112000221
10253 112001202
10256 112001212
10258 112001221
10282 112002211
10285 112002221
10307 112010202
10334 112011202
10469 112100202
10472 112100212
10474 112100221
10496 112101202
10528 112102221
10550 112110202
10706 112200112
10708 112200121
10709 112200122
10712 112200202
10715 112200212
10717 112200221
10736 112201122
10739 112201202
10742 112201212
10744 112201221
10762 112202121
10768 112202211
10771 112202221
10790 112210122
10793 112210202
10817 112211122
10820 112211202
10868 112220112
10870 112220121
10871 112220122
10895 112221112
10897 112221121
10898 112221122
11738 121002202
11741 121002212
11743 121002221
11819 121012202
11822 121012212
11900 121022202
11903 121022212
11981 121102202
11984 121102212
11986 121102221
12062 121112202
12065 121112212
12143 121122202
12146 121122212
12220 121202121
12221 121202122
12224 121202202
12227 121202212
12305 121212202
12308 121212212
12413 122000202
12416 122000212
12418 122000221
12440 122001202
12443 122001212
12445 122001221
12472 122002221
12494 122010202
12497 122010212
12521 122011202
12524 122011212
12656 122100202
12659 122100212
12683 122101202
12686 122101212
12688 122101221
12715 122102221
12737 122110202
12740 122110212
12899 122200202
12902 122200212
12926 122201202
12929 122201212
12958 122202221
12980 122210202
12983 122210212
13007 122211202
13010 122211212
14600 202000202
14603 202000212
14630 202001212
14681 202010202
14684 202010212
14711 202011212
14870 202101202
14873 202101212
17060 212101212
